8962.024528409012 2093.116241178663
1249.091538268935 2993.5748244054193
8673.470917333652 4446.207198889174
247.4503373740078 4749.835514154183
6915.080845115132 7042.412473715264
7596.197660423084 9053.967409189521
9897.99222540429 7292.422276937379
5861.507692982307 2959.506203515111
2527.645690935587 6478.584144041778
4471.146882087218 233.32527058799846
6893.744390869939 3044.9057762742036
6350.680801414506 2771.9876835287173
9834.299791818543 2475.7212381005857
4848.343760961755 6373.235111262229
135.04179771626212 6799.9379882753665
1293.5599228737149 2952.9335752472584
7665.572275011257 1346.8491894624046
9847.468318553523 3309.3328995233164
7116.859588866539 9978.48685471163
6998.2626823619 7648.329109795535
5599.813107182004 5529.986332570911
7750.988148096243 8262.50060199591
2916.520062159537 1261.999967797145
8534.93795138718 8173.337096695453
828.939867308407 1946.6690434371847
1328.4364462183473 56.99304234472069
3643.423278703597 6006.522013691479
8253.967892933268 7469.820908635215
3375.942231071798 578.270040652743
3606.5026926710575 1638.5603268902437
1020.2215963124451 8868.077069598154
356.22040927020817 1015.9983569156173
9507.197281848596 9841.23087447469
2341.498248840883 9421.080786918339
7010.948094235212 3245.4089751746505
3143.0939031049743 393.80640760247053
2335.2586453556155 4110.74898884302
76.2973336686823 7111.098229456042
8051.3363860778945 5072.030984863851
5731.955466708355 2393.552249596609
4123.487750966824 3776.4866048780787
2664.33681350881 3174.407542067492
886.0372357259738 3423.9604116599544
6024.337607914512 8167.234119871552
4628.738180912891 9724.745454381717
7355.565538841761 7273.281353065322
5781.1368478865525 6410.726227400192
9104.100143463509 2624.5337920045554
9863.973888653272 8635.599179733515
7943.153495603229 5726.494843507056
1285.9268682291602 6783.718296046123
5118.892216013078 4262.583355907032
9126.262927658368 5108.027914049339
9774.679934871037 1254.84620060203
2586.344251063314 4847.7187427471545
3061.175927619819 1150.6529975308044
6133.575600650568 9560.76302611022
4046.8220656981835 9513.998057111616
1491.0761403144656 1091.2785344648223
3608.7273942761176 3660.3761642084974
1361.1117209246358 9017.48763645061
7488.093649405251 951.2426353839254
9809.646103816389 7069.788120972811
8156.854663671124 538.4520325861653
7104.976805852655 4613.789124171858
8063.693069167719 191.30435067844843
7031.5698487128075 6381.0278645856415
5425.200795181552 2679.9069363016615
632.3467955516471 5611.696539114942
4816.312137133173 3647.4120531856424
4295.272810709772 5474.592771460817
9367.566777598051 3157.907815037032
1687.3358534959516 598.5114094388966
7945.683191754075 891.121810476635
4905.951901818419 1195.2232535140395
8538.066205765328 2632.97462107953
381.4094554911973 9314.267968809752
787.4404768312493 2056.499684784844
8855.086581255631 5109.425712760084
4239.69008570976 1352.4654988169382
6073.621733293911 9673.989379597684
2653.3941533497887 9345.015253604743
9654.383189645127 1715.2239925434153
9034.289724433265 5992.2142493454185
1509.1024463415758 753.8575984970153
2399.845892905014 6833.669016474561
8938.418159426694 7741.551744817083
3837.0571509270544 3386.0912708841206
7004.359587023452 5869.286274383967
2551.2608994472816 2435.138110183992
7111.729743890821 4197.7372984957165
9328.918271555127 3915.278049920803
9782.362876169651 4988.351850183315
4779.800487543858 4345.153314651045
1270.9744614371887 4175.528206113477
6895.188880103389 145.72926534339504
6548.267946252341 4859.050206366401
9316.665084766732 3149.6086499278954
2261.126825627261 6620.606751815925
8487.27241112879 3207.269385758336
813.8081055210699 2137.674533651449
6111.337032487868 2025.1108197584776
6446.558586618261 1135.648210866237
8205.799147533951 171.98230769495336
2957.881977406015 3382.3869961063215
7033.163626773476 5376.876742979806
916.5212447569104 5383.805978455984
6685.728708138404 9164.37239243278
8231.275791343749 3204.57992726249
3416.0734064308185 5833.717427936045
7344.339125539139 4037.21009514031
3241.97443890479 5852.4084377756135
3414.6380522296217 3535.222760442166
2415.7470689698057 2754.4416232158674
5004.629990574659 7526.6738382921585
6505.942211801824 3941.869273190558
7874.677263942497 3014.8676660963893
5234.340774669853 9689.070162215907
6231.624233106035 2997.8399458411263
1952.2398247800688 2377.244934539292
8618.077426526681 2882.6582165698933
8602.25765880015 4723.878093172671
9034.919542950038 847.1922081980532
1210.6304982053796 7379.907830559419
1614.385143534509 4902.4939730073365
475.24721372203425 9715.348121115954
1935.1668848877057 3120.3605755186704
4458.991198998843 3857.791415769205
7606.429102435438 3726.906323059308
1255.7495964990662 7558.320031401891
522.8255778370516 3572.4638446813206
9244.464183237276 5593.385657391487
6099.689490229168 1231.6386927917688
7279.228054914501 140.0385576233154
2739.4686575136693 2249.0611315142373
5728.7127986151145 5055.430072113535
5490.695123737848 6487.63137244804
4806.499065142414 6938.679941498369
3314.1052949410378 571.19566088504
1969.6021685810438 3914.545696428108
8645.776104492505 5317.436650242266
3644.471888758053 6682.8284648185245
4309.996031215764 7505.4003854473085
2007.9624921421512 5848.849732054156
7831.89258890888 4471.035982712493
3765.2390876328477 4475.070220689146
8076.001789633802 6474.763923265782
4272.9963341882585 2530.3043571092576
2047.3242858354201 8227.736928565242
1588.2002623971414 1708.0008762553189
4131.6344366679805 3660.8951877037334
1003.3545112082609 875.6951617739805
6964.295180820481 8060.774189325992
260.6626350227348 5465.631728682356
167.0919524954717 619.176589470517
9218.935219537958 9722.46092535403
5440.816299486511 262.1696476600455
596.580515429923 1625.790139115142
906.0155707663475 7700.7808033780875
3826.3903483441354 7009.733881350102
7581.052865106568 1585.2549410998085
4693.199549861458 8439.14376331537
3356.6191062607263 4385.081792349711
4687.7297320492 952.2176183378895
8161.388702865493 7156.441259090794
6110.6814477041735 3667.780719285584
3376.828503069067 6425.472306597335
9068.338352006307 2866.519518860359
6877.413288987759 4822.2194183940055
894.1554968013232 9833.788994143617
4813.313375949699 2514.25639298698
4117.315625061589 3743.4759977695508
1331.6215947243315 8046.029994078547
8736.578405770404 7398.3140678436985
3616.206852887428 4867.404014097852
6029.574326546113 872.5966995660783
7178.5729954409735 5629.568773339719
8795.155826976707 2378.3411245701245
7971.07032435279 7681.235970247631
775.2403127319229 2730.207458110748
8067.986062748311 9562.137033094787
2036.849190995985 458.09578879528857
2394.8885519325413 8428.620932926386
3060.9731611579596 7205.89288613039
2951.4292764895713 8589.482348441365
6963.652145886351 6621.9804437979
5187.639033829067 1097.400584591447
6804.813718203582 3041.3082231728904
9030.0657328111 7663.393689851629
3137.1248945726115 3360.3083413461345
6523.337392214208 5989.492225131492
7375.61128669056 6371.041374164962
2691.10031525729 4781.261507669882
486.10783724363785 8731.250765810953
1325.555693519188 9404.738269899573
7936.56263468853 966.5606959822659
7195.599374052627 8625.691595342783
5234.110610976613 7338.165431036607
5289.084379834996 8031.956192860394
9711.638868031629 1605.2100594418828
500.9399184738039 7728.650352242627
3419.8992982497457 1222.0569897177047
6516.05117241885 1611.4030112816536
469.3457252111344 4825.7047110388585
903.4399173394147 5787.843971026401
5338.171239959548 2550.7278471984064
5050.850407686937 9958.217866936344
5737.397956532953 640.9590674825027
5545.335777345376 8648.566357986634
6175.971392908453 7178.167296108177
4939.092014161527 5968.830784783413
1420.4192566302709 3786.0071630076077
2827.2300727676047 2572.791106360698
9217.890143320868 6465.319032700409
9992.520401895405 1886.8643791159789
4206.995370569675 8628.728842384644
2418.442939696839 2312.746681379276
9849.151114367229 5229.759371216912
8055.45570411147 2585.303903512973
7765.592712004505 3095.783105856327
7137.180788588715 7061.000590835914
5465.487603703789 1313.5280634134006
5085.657187095628 7162.518019508777
8971.06032040091 5858.467625759968
3006.2249009426646 4701.926491681875
4999.666967517184 2570.277972396591
6849.146267354426 4577.775513532947
2934.8255663553546 4488.63175565554
774.1753284758956 5936.441786804482
4402.639202079298 5499.003646061817
1151.3695284204007 4452.778424521591
4210.043362408461 2538.7574628185994
1238.5474889855652 200.48503927248328
8746.966910105528 4840.834310286556
4161.435477608861 5460.846378749192
8468.735875534683 9129.576464865342
608.3234746614974 2232.424534868104
4814.099638759729 7259.071504448753
6141.242628905565 9001.077174062566
8756.209306451397 5534.049966527716
5568.408220253826 805.526503273083
2317.2185992565765 5766.1556607005705
4259.4652736455255 6970.499406881473
1330.2851322453446 1049.7630237042188
2969.699131559176 9560.481108349206
9233.309690512879 6584.055255977618
7258.189947311896 728.6683220370683
9149.910961465665 2938.54599349324
4260.629497621996 4035.814518641534
1207.613136571789 9406.857123745958
2527.35757080499 9265.76530937438
7299.565296678891 3791.6939671004725
7685.091799163166 7907.826692516603
7110.77077928974 359.2290303384604
9118.568186864944 9992.718079103859
335.57205691319814 965.3648743292997
5455.494276989068 9856.146319626723
9343.716745477957 3997.2547834295224
6048.701829803747 123.81582696970762
9175.512628491546 1390.106001861914
1437.5806432256777 5280.374880938876
8728.710282818984 8087.880927207088
9206.437248678276 26.222108077562645
4003.5979214981053 8827.98275999584
6728.64134986238 9845.119661655852
3130.024839874742 2182.0087198668
3575.0288647211014 7071.176525762088
7935.780990727649 5017.554244115478
2579.43013979266 9036.01097895093
1340.818026100521 8910.011187255388
3059.5911147895017 8636.596890504847
3381.2991112776526 6879.44276744735
794.4957123284302 3586.811474617505
9741.322335447698 8128.679779126911
2896.811540181199 5793.783265378104
6106.079335129369 3953.2363757138287
2319.19228156807 7969.80917899526
5450.9538932314235 6575.336296328677
3276.0207984461454 1211.7563254959418
5683.670011481462 5571.847041052621
4871.75422742656 9199.218417019565
6524.449873386942 2645.5059891778733
9171.73350171418 2814.573059372315
7946.278944544285 1999.3106548984174
2077.652970487178 3803.2984326498186
7624.68489250518 3206.29966129104
2252.046575196099 9169.766931175867
744.6031329175573 7185.3910049956785
2302.403122604897 9359.692486172522
6687.147895453893 186.6896334642787
4722.481648475753 4722.893605900528
1501.4940711950542 7273.519811969257
2100.066823575034 3699.649660268178
7837.8271363097365 6280.746623190739
4335.321990261384 7038.447923055227
6089.35990488763 2427.3478267966875
8148.9541307235895 6758.561942541348
7794.966315165073 7853.620548179389
2933.3283256339782 1329.7854457896153
9915.010971748936 4290.754772924763
933.1969573241017 1862.3680548612142
1972.2218786353385 3508.2656524840086
4222.443579395658 6711.774322932392
6055.382949179155 6041.980360910168
2457.7116156923407 668.4609601347247
4074.0679084782596 4865.912998878421
3592.0011387481954 4208.928015252822
1045.1870199721325 1817.7091649986444
5387.746761735973 917.058404260357
5114.451460559995 2747.9126486441373
7919.707237806576 9893.067056131344
5333.759074084293 485.6218916122279
3874.7866392614706 1067.164034556758
5195.8344001424475 3523.3183341474682
9405.830968679691 295.1108149568127
7459.418254139228 41.662108269528986
4818.098689879264 5902.644751917993
9600.717142014344 1050.924334887231
7176.218157591997 32.912529006632326
9241.91091044256 7328.582855585397
5403.323141511386 4450.835916828794
2870.756851866728 4738.044270920336
3915.717494420633 9902.608911105262
3650.964146307948 3822.519008868771
6291.034806399944 9691.987097847126
7059.473170596423 3832.476025545547
148.10286336340073 9171.342253679848
5723.426695171734 2781.3443544628944
8236.512545526639 2600.234188927967
8968.563966556667 8947.435352301312
8940.336785358186 9271.906573188064
1751.9191668348267 8756.153443679084
176.13384109918417 369.45664865711603
6245.79959660514 174.1024793391155
4665.706333429156 1783.2674839068252
8869.591433835307 5041.961570870801
7783.832805338901 5751.107220629461
2039.8783596049498 8131.727131080164
10.927658813297825 6929.158740802328
5537.131388202935 9372.822568884065
4702.238988746443 1149.8779269448235
4761.488207228959 145.2838096535536
540.8241640801748 2975.0906079898486
4051.1657279913884 3683.9076302418507
2421.8308529357446 8027.167704300847
210.0724326843084 4379.138910993823
3262.8545839554135 8596.022894468291
2476.0212644844946 3433.7937990515775
7878.554662895435 2334.489048368914
2832.7795827715886 555.2573422108043
233.60932572228822 1057.5957561338323
7965.016838426726 7204.21481896621
1710.8383859241305 6553.843003095327
1232.1412182682534 4142.65867271244
9122.263736531106 974.6689553231469
4972.016340617196 2018.5849173770143
8103.910919830027 6287.3241361385435
5628.637034117526 1049.9845223156979
6594.819892430272 5799.99204933991
8511.737575351135 7835.142190521448
9691.819965262983 2302.6584188929287
4557.075959219666 7005.512102344378
4382.078405782565 6965.617345792027
4748.946899291185 9949.428624804197
6310.025689777317 2132.9630738976603
4458.20488487676 7885.801747543553
8871.339880336389 4538.0695909925325
8295.928296353497 7277.063141805409
4849.456983069413 468.7766427131701
4093.620590823226 4038.639955807921
3854.585263014747 9004.703565398304
4757.0936579254185 5519.839609988731
3939.9327665945016 7273.078878826466
4166.945775730488 8879.689267756865
3148.224664696484 3355.2786949939205
5296.140987902064 1265.6647933553277
652.6506803003917 8540.587937613513
9228.575493589511 3475.5906942570236
2201.306034946885 5040.304581753559
4011.4383556175903 6283.85689237271
4333.759805931992 6558.559217127079
6037.094786555711 6671.589432805829
1395.1270999912258 6780.443195464776
4982.59322083959 4470.346734049384
580.208728740731 5438.489802529059
4461.243844548284 885.8001326411036
6839.023354742592 8176.861492404191
5072.1810274209765 2848.308664680246
6255.72530058329 3538.7890130614787
856.2351157345571 3024.511794658673
5067.69185500928 6594.5242852174015
7237.844182217777 8018.572983434511
9690.892030540577 9750.053253443515
9521.927761105988 7228.563616440568
3948.310883586534 203.06828486728267
6957.9796615462255 895.7877491966748
6142.677244183457 5258.989119345161
7477.162591213845 1519.9264648013534
7669.132868623594 6524.740790975593
1685.5726981208109 5846.073300601942
6815.530433016218 2740.8421935567826
2613.893034894259 2616.7742462200495
4826.220527125604 2324.663793406596
6114.960696556726 7789.811680461631
7342.336517959645 2357.714829508287
3448.842157761951 6545.98776595518
2203.630467123817 8981.386684527912
393.5147976137288 4135.860851414117
7778.205616833102 8995.144315728567
1311.0733282561616 2407.219149102159
8350.343275813237 2736.6839604110273
3501.7168994074777 9431.075773645707
4650.940277564974 2284.9464433095313
258.29801294881105 5952.588967660177
8246.568697289213 1118.4083602880023
7660.888243667804 7036.432525368919
4705.855025202407 6043.533315748077
2241.9560554513964 7862.147266173338
4554.4884142546425 8154.579779865214
7945.3099499836335 4789.255457407461
3110.0167850343487 2151.682125838599
8492.05619803307 254.80618402258904
3125.9243048904095 7794.678353547687
3028.700859166813 437.5362534731919
9402.221955884366 4080.2038610711256
2575.795735449398 8840.469681819039
8699.999104949184 4717.032488718062
7514.3622990889935 9415.491280143571
859.8773899496236 8385.60542913114
8785.420984872391 2023.0989184866378
2305.692586277329 5852.065390943561
1441.7533332189857 9175.191405352807
8488.72911675457 3365.372366480518
8506.930554125542 7266.254790013481
8580.911441091597 4448.796459760346
8647.149878466185 2168.8944153967072
4070.5382368905275 350.5380663825708
894.4696401519947 6768.950904924992
6310.4350467289405 127.65305455666565
8424.211464413056 4296.386046223823
6578.050680908716 5658.63139141907
1691.593014983519 5563.935359296911
8176.930088921521 6072.818305002734
9217.890811256784 5692.348354292669
6224.661355118804 7528.357938641798
7864.531625711749 2100.7580299344277
1705.5557618057792 5242.576662836524
8027.929797913606 8639.63625751425
1901.1342589385283 9383.306183234183
5351.353174944639 9048.833207830123
3332.8365147691543 7007.1176278530675
7620.407549209251 4231.598452959864
1770.5320687926296 7010.792557895056
7811.322109851918 7956.819057693112
2887.6590530128065 1859.6606294038986
7805.265974153001 1280.112473800853
836.9180681707667 9360.339352027398
2144.3093953505045 1328.2083158536373
7792.629590284764 9267.86949878498
869.1314961953444 5252.767405724698
5479.1965534511 6486.345736654852
4408.040811057487 837.5577425813063
239.14792256809812 1778.5390728120133
4020.7020766817536 4290.260314796823
8428.644809265927 3236.6931792755927
4976.513804906016 466.0317785321577
5612.815939675619 8484.324147417914
9939.94906581517 6943.29911659054
9595.018260603667 8634.414840260994
9186.322542461852 3450.8166196649636
9346.88403111053 6291.180698995612
3999.488001497401 5777.39836040876
1765.778705386596 5951.855086933192
9640.623216017391 5452.942077699101
633.3444399529076 9422.236143227074
2792.92988587725 7395.09662884347
8689.38719597268 3233.5410462062764
9620.214366562395 6496.567554890511
8039.744554635438 9702.405682789318
5849.454705624205 5733.727876534755
8753.726324396093 8999.72157186727
5841.8774189445185 8946.479324463817
8254.79456600495 1650.3824213249075
7458.6895836224185 4451.231746391929
6033.657287647088 130.27490801652
4934.707371353543 4147.474936578521
5637.743277992984 3972.5835375653696
8821.81048375596 423.99910067671186
5316.645599482893 9024.69590688735
9666.13036184199 1457.704327858489
1100.6340475307995 7300.080232643593
6667.8447961424745 6334.016631014208
4126.13829068289 934.7055233614632
6744.338452385069 1147.7931250597517
7874.379145829263 9268.146661076367
8775.727451576588 3914.115018948412
6874.560185441636 2673.1494337025288
3931.423089534344 5500.792428854993
3597.62994911629 3286.5484367494446
7715.365527196247 6665.604075396518
7917.453869631113 1399.3776363364252
2256.7238473459406 4327.454945022435
3484.9394659911213 7517.147159553123
6767.54467483908 5721.429187288007
4332.269835512018 5920.501955586781
1613.6117859068554 9040.815272229416
2437.383097456307 7568.853249916826
5430.9992812466535 6959.731167952219
907.0005798056546 9907.380679776423
5126.8906129509205 7019.658619824114
9228.210595094211 4498.708731358633
82.64061062018268 1206.618278218905
7434.246439416641 4204.892739061603
259.0946564761853 7079.352462325684
3599.6440431950627 660.1134497226202
8941.165901374312 7522.172516268505
1138.7880213821488 3924.7447143039717
3169.669915939054 3689.9227359823603
3003.8904378251564 2188.2594659156516
4263.92765608092 9845.265270236436
9754.749202782821 3281.6068622938633
9348.998052017341 609.2054973823169
6377.148817192127 7192.21090384931
1681.8635408805983 1721.8786036477375
2604.4007995471884 7500.075268069887
2841.913804073212 9118.988070815625
8768.340056883686 5236.103205758886
9448.117612206499 9857.119442012767
6397.4133917658755 8209.107278816155
5861.749946692274 1829.191800476163
4004.191934973247 628.9824441725056
3778.613219465582 6595.524586127624
5464.084775082578 5046.429205265779
3841.068813104851 7023.29814042755
7736.539873044855 2841.6202957660976
457.8738209789546 93.10644340911112
8707.059033114601 4429.09459026043
3744.3569605730563 801.6503032070377
4806.251320419678 9322.949984213246
8713.393777076406 6799.645671958553
7030.9769609880705 966.7080536289141
2066.555354158647 6489.945803029852
9064.842208734626 8427.018527316437
4734.193904880773 1430.3026465415314
2068.5677232513667 7263.76381833435
4561.319871162269 6091.720311104795
8670.10679190298 5509.8567537087965
7292.753908463435 8377.94024798934
5925.713453443316 8158.570859434511
5313.18222271051 8269.01058058843
5097.612970218829 818.8345476678893
9326.95075953307 6140.217269925732
4430.364482303519 1352.4363291015795
4359.860346047098 1057.88621054419
5012.018717022513 8055.866740390598
9558.70354497752 3245.9864746170565
6598.198795037549 6206.520894123886
1963.6430021565309 2818.5300656706113
4608.372738863611 2625.8760837272443
2982.804941770942 270.1653777961255
9011.205743148505 5311.290669974554
5224.702487188934 5501.471880448986
4400.156026097813 7103.422079669761
8067.395342672878 9536.015566809418
7899.397784111936 2100.8553272961185
8247.658826840932 7838.234797942601
6132.345138094406 8276.266202600777
4487.765799996496 6323.23857232241
519.7515122793395 4910.168227021565
3885.5486180466505 9673.542716084978
4847.047895307489 9598.56489668439
6557.032794217552 2578.6500952326996
996.2095304544738 6843.002139700648
6892.92782568646 999.3888504225989
1742.316545435648 9715.097642765197
2754.226350611092 2140.9960523116656
4391.631558102603 2238.9158069203686
5759.291817226697 3267.8731404777473
8882.972257622754 9947.332075716587
9598.023200000453 8980.765294318539
207.54484108048698 7490.638099109563
5856.43502151227 5811.229124496434
7236.922954074958 426.2856095733281
1847.242175389997 5317.891929690651
9949.625572804292 6763.779253619548
3829.786340620245 7985.900446903098
2125.912998181535 8311.069954478602
9413.812386657763 1854.5811491576835
3436.7818648033567 9519.959142805272
4971.190236004231 8715.115636954462
3075.038986772224 7485.2460452537525
265.21860150722887 8198.150541989477
2342.028798098895 6934.06366125864
8568.827292589533 849.9337302093602
9980.389835967484 5395.191612679405
1366.9129631619826 3474.3312356837796
5183.875830823559 1723.540264129908
6027.450670507913 6710.694684460979
9123.918839053224 1653.5382986904724
92.95522854423699 2396.497962250149
2322.3903004699055 2076.0361450936816
875.8512516055094 1469.2074285081535
6537.514649156467 2235.5730517431602
8771.61126472351 2628.461510578718
3884.6948685262896 2676.1119351743237
2221.7973391017954 7943.775347409034
9199.225421833806 4496.169928032916
989.3128762915237 5172.225168792366
729.9318239534524 734.272047875485
5180.467132465845 3867.396464094067
9137.541256859744 3172.627730878377
9535.65442435741 9843.541690437967
9045.450259557008 7679.247069475023
3909.486372809825 8200.50470737499
532.1369849943713 8289.36850589812
8260.644765252175 4947.626099018714
4011.595602197057 1574.3424636413229
2690.4867496943584 9875.331769311548
6595.071353943389 7389.631471615598
9091.049283549588 2054.7303591985124
7570.067250747054 3851.917258303983
8723.363281160828 4137.800205922205
8762.175872969628 4860.147703651708
4848.637418413701 8702.106522847753
3650.3668978500205 4332.254805640338
5484.35679578497 3600.6418724858745
1254.1841494146177 4810.647500154375
4699.21122014137 9600.366598991506
1591.7456652290896 978.6526009034469
3388.542070015993 1018.2185307955505
3305.52635845042 1227.0778189938014
266.36431196986 1927.4962683503604
918.1655361692087 3437.4855313074713
2449.997743614042 553.6657793190469
7993.969373932495 3451.62797623369
5008.327096309246 2968.8387260273676
3561.2705484104645 1382.0610559576808
6990.967797206169 5869.670688489915
7655.444328154749 5107.10719592665
2919.0745872130387 4717.658144325466
4081.238170261935 5202.628785900637
5291.881945445892 6671.227348845651
9181.973131213808 8566.284322321737
9326.320688461488 2328.2637515303027
1611.788761177878 7931.729545583039
2825.0115482956608 5007.192820030019
8544.296486040113 5705.542209634372
5118.3066796270905 990.0755943274675
6717.791821364116 4859.164785252516
5777.932007250709 51.4287707052008
5647.20642707593 2589.1633669906155
9540.887081435845 7511.544754444078
9554.60678451526 446.5670440166969
4620.630440916871 3730.6236742014876
5506.310331952056 5376.841470297307
1228.6056822574965 7697.141393488592
1108.5198802708019 7687.393651700632
5940.873050283491 9953.10681422722
8694.8358434693 7486.318573876677
3674.609172538169 9758.384507886069
2322.9985482146185 4035.5768326611906
6808.560279357364 8603.961484148747
4616.95001397406 9466.100660780137
862.6214627190154 9586.827448135671
1063.9746701944864 9277.41901248869
9274.270569604665 9919.24543788034
8541.456354497788 1241.634843114895
3462.49889785428 786.4031201343357
6711.248583160797 3787.3687988088955
9859.92881613045 9339.415712754491
9525.702808012777 8344.822882887525
150.72638211658608 1717.667659241261
6616.044205728827 3992.8197508533212
7277.361570909014 5087.056513117793
6854.043025585192 8102.560583932334
3881.063092157754 1957.4846736315553
129.3885508274395 9109.907901374945
4727.341040340758 3107.0011054066804
9703.585366584817 6479.917513791946
379.67137409010365 2705.012983167816
8270.880718859826 6507.891788350462
2860.250384640334 6280.104600952125
2044.456573598007 4609.607317631571
7401.230074822808 7568.258585271056
7651.383513314484 884.7103212552954
4531.1924314669905 6568.785378166182
5436.637325768407 5426.604578387285
4874.946255004945 3544.4991487994994
3331.8820369716796 4924.134290981787
4113.8552728536415 2802.0814366972468
2454.2205255871886 9684.88672952283
8298.571838212956 2054.0211453325983
9492.653710621553 3540.2770363939107
9122.49183400016 1451.2505813623911
8237.68208493368 1966.4661030923126
6888.244368693355 9534.632181896619
8092.787566409685 762.0662491389841
6241.653852092448 3812.2477476438053
3037.8122837262176 1194.8741938312812
6228.488223379103 1065.1170168398116
2702.314905484121 3477.23798653403
4634.240317627635 6922.962376618433
9319.530256650953 6698.490255978624
3136.052885009564 6070.578246082959
572.287050818544 1516.2451242523423
8098.705028994961 2504.3592404165015
7873.716755396215 29.049807386111183
7309.143677327056 4547.100609111671
34.88245552864644 749.5056518988264
9545.204987614605 3044.012470064994
3982.1040750977786 811.9372888509502
2063.7719270944567 9702.318634463372
3471.4025743871725 6835.03873051025
7997.1057364492535 4056.567479183153
9922.186415873783 316.0377197365849
7079.944988092149 4905.375304120229
4626.799765124599 525.0197429141368
194.5987738656574 9300.827616320668
1817.5428898063194 3929.36122482474
7156.366498772244 9865.086993574083
6624.881667905068 2373.3295951835953
9956.593007832855 1718.06777056696
3877.1686757677912 1724.2013612308715
548.2239813619949 2244.1000387350086
3428.3862285357204 1937.2619407442637
4311.390993568185 485.72717158157917
3081.231337330906 3782.877177767806
8357.528494375312 858.7475623487295
1404.4517212065855 3558.7135921480462
3914.3409523371565 2692.662676650236
8667.564669410995 5890.908159498621
4871.130840971953 3568.947113756169
714.3456493334766 8858.25405059902
6878.773949665724 4014.8594865759355
9835.903113331162 2919.4230785483146
7433.9318251840305 2810.3589424772226
6615.161476394025 9756.599994873926
3504.779647124311 5197.600376487476
1584.9933045801413 7058.877185365785
6890.760647447583 1652.7068340902674
307.61678588472563 1664.5613448564068
9397.094183793768 5227.113956121002
8516.891640892502 8165.685065782238
736.4822465825848 47.37392403833085
8057.998134490493 6133.054432590686
7574.915905818688 3031.601379495924
8819.418689428621 1402.77448798369
6447.750131630337 3892.2968526717095
797.9721504838167 9.393152881003175
3794.08311916811 6581.383040308176
8218.06149027521 7581.963976833525
8057.9761983332855 5339.865958251091
7751.883711736148 7432.938679291774
4642.428855952897 9085.460891610017
4410.505843207228 284.6292128094075
5007.7220072442415 3628.6063311650564
5222.619436974814 858.266306506349
4781.136698771606 4615.3947246373455
3678.541426529247 7440.0911719602
913.8849340344058 6560.7316182013665
8889.66635271958 2589.854320729459
2551.927493433902 7205.274184152376
1954.459141195375 898.5510891139503
3587.470534872608 7348.335918466035
5145.0358918941865 8967.803580359436
9464.049098378977 3391.283735695294
5235.882819601951 2484.925467223806
5623.3180286886245 9006.313946591832
5841.2186852067625 1330.5866748594785
9092.567060727966 3634.707056790436
7538.814564806159 9823.09717283499
732.2608524584973 6249.604576925593
8808.731080071308 7242.038434474003
6935.734936328423 4750.90262506406
6996.628368785764 1475.8877549907422
950.6513322648069 1517.7699995646842
8696.626248626919 8315.653101107499
1200.299740481392 4826.717361811369
3082.2337885095653 8341.233073999389
1442.1902704519462 950.090286044577
2117.7479378137687 7825.839968667586
4424.450330692495 2307.908936965304
158.36119240629998 6261.190886206755
5609.962419987077 9969.28399132212
5001.6752219321115 4085.0302725538477
8718.660957262591 2809.1383010338645
3631.9274880189832 2727.4313806607074
4659.352046578054 525.0852829541142
3381.8083474082973 7313.24630400881
1388.0517922561974 5555.965189870202
518.5899905946412 1158.177826458594
7684.14278841464 6481.72852841126
4248.624800684269 7932.7902035349025
9978.802532449721 6208.3030693035425
9650.029613344419 7156.717818055989
4347.4584044078465 77.28653704540567
7090.15269015335 3943.4458747578014
9720.216695107334 2497.650262560693
8226.055367062369 2234.481400020132
1760.1381351722168 7436.870858315509
1208.8657787179259 3955.275325267833
4642.134613087035 7535.422409939579
4344.671078946078 4633.452943038445
11.680120274943917 1192.2038320130969
6248.042704901069 7899.0548952308145
2472.1067046954304 2692.5050353302236
439.25703000729175 5890.088602746772
3129.010138712557 3712.9349529574174
2747.247285378005 6609.374312547082
2969.5372592002645 4800.767636724729
319.92335002866133 2504.573691628648
3708.9686406900537 2650.904867939404
4186.944070611654 2257.3646434105967
5766.663868498225 7666.4564236645
5300.458708101232 7636.6779789244765
716.9854527171615 5507.814465044222
5835.205747944346 8260.337191930477
2944.0605046876335 2500.1010021471425
8856.767995680922 279.1574200383784
5802.458170925824 8376.227416089418
2982.0122746039947 619.9077264841258
434.8260016805272 2861.8660998742307
8707.836068700286 4229.069956318657
2370.3538398933288 6200.124778740367
1394.5574736939116 6642.047771257218
7065.485242861229 2395.4148064982737
2297.7063742610935 9919.010417992564
3202.5221180245157 8649.030363438182
2257.9176317694705 339.2028270189251
5511.2767937067065 8147.819846250461
8255.858236751983 778.2873143832559
3318.504888685797 279.314253817502
4646.82830052865 9458.630185088707
7497.148302052053 5002.762393828412
2395.6279084630596 9158.28968058427
3172.105379086838 4994.834847907717
2787.284358231309 2955.840064134978
4703.544860077035 9712.170493716047
8458.130455513783 8754.619943719868
2754.091456703217 2465.39693173636
465.65730429897644 2580.9688576297785
3680.350976667971 9478.14117705776
4633.938043445543 5671.169730245017
7074.782880252831 6278.268359108141
6308.69389327703 5915.791131243189
9835.03823994366 7524.8596348730425
4572.6345817478295 5799.3871157104495
1895.1053439487898 916.0368649728978
4516.4970725863 3452.2115150057475
3391.2458907395826 8861.674174757274
2139.0713047003583 6387.10894331314
6715.223389238778 2959.6257916734858
9680.678109439143 6153.0451759932985
9577.086881065445 6450.972497361687
5068.767037639127 5239.336780524679
5088.350283341966 4798.177013555795
6291.865767381001 5651.384382037165
7185.476617363796 5969.224667030194
766.4853971837682 5770.798249689519
9350.044723634972 4183.493441243715
6033.909514554043 7075.676070843826
1354.8633377601705 8220.178169700142
1715.5560997024365 7886.320926205422
8455.080045945504 7868.157224299372
4478.687190907651 1997.9535573673445
8607.812249833412 7472.459098104099
1420.0256699170234 5748.538579346541
7696.228816148756 8953.3551259493
8700.933996388565 3656.854262533704
9273.476768503106 8400.458179545521
6852.14330356972 9078.86537558075
7651.7854994027 7002.898379557667
8420.392946426175 4571.306844372566
1902.0157051957565 6756.041501668192
2756.536318938272 9432.663061466254
9722.082090423346 1915.6474964049175
1976.5085637936108 6008.99158050071
1723.4569403493017 9002.868205863344
4545.106511023469 3831.661352299968
4507.632045371411 4875.914165178641
6598.898970617951 1100.7403955227157
5204.108593189147 23.502878384921154
230.78293685760974 176.08227078047545
8431.414142891283 5144.058474766101
4078.981586773903 9684.988699084088
2294.829179133936 5378.109082163228
9330.0723674507 6496.43070924197
2733.056313447344 7736.228052197835
7426.900705389813 9944.0043533816
6041.219308844527 7745.4192107795025
6893.593530354523 2635.3424388064263
9103.764499138797 5547.652002426964
66.39136618591168 2314.208256299185
6520.874856293738 7200.598696170013
2603.4510240660193 1894.274729674218
8459.837195960798 4022.938188779538
514.6775940175962 9960.94240478175
1810.6527001537288 8466.823502624475
9631.080808264262 2246.855070335757
9643.304474798766 4831.9127647439855
3424.59537487946 5358.267162010952
940.0005380352105 1937.9720921472954
1632.0788451118394 641.6260940306296
1412.0750930434867 6284.354595776408
1062.9470420324883 2886.93131562498
9065.497632731996 6135.976964841967
787.334329883903 1699.735484084607
8787.29480990523 9349.12560732303
5245.749038444177 8457.04994693376
4304.432122717142 4565.330982692223
3088.671979079296 9309.79584522505
5012.944574779777 9826.934938372782
1164.334790265562 1178.2469515973482
5575.0848407702715 5251.506777686762
2199.0771954421693 3205.4555745150283
4118.7536447778375 6245.382897537256
9603.723552501908 8241.666148499799
7542.778315496217 712.5600365216667
1757.8915302339492 4966.483934677778
3080.9312317443982 2215.580358762376
1328.8814204152366 3701.588824167188
1115.92877563083 5589.983579231821
68.48882649490018 980.0445008867931
4386.3287290575545 6865.51155766671
6822.467918259871 318.42980970755553
6099.620380840761 926.8236759324355
7828.243835246305 7081.9522941188825
4279.434304423017 2779.645352940018
5413.758189162666 6758.7114314004
8695.449138283617 9699.337581684438
2754.729985296048 3983.7120772846433
4873.167418318928 7330.510044765273
4026.00643263625 6411.6509448007155
7766.132740587447 3142.9721489004205
63.39749641966708 5235.292942373018
1085.9047170087445 7383.636262216822
1785.3631283690906 8531.033008158787
8060.640466330327 589.9812695523821
1756.0095358010142 1966.450124776865
126.7087157684299 9490.27795848709
1127.949211261875 8342.355505375945
547.8411461911148 7248.393170914705
8448.212231298028 3195.6460172118095
3224.971588362081 4947.614167020345
1771.7729032807927 6702.463834715609
6359.181336708516 6847.4696835174655
1628.8504885262446 7694.16808092753
1015.6286273564408 3080.0194143769654
2698.095607102805 2114.966043023998
9949.464829130115 5833.502648476804
7729.136887545862 3332.5901641755995
1486.6541335486993 5860.99561858529
1996.9288832235554 383.3471628315854
6938.387718112754 8680.749194845197
686.5265671788734 912.0153818877552
4107.203725699712 6133.768315143931
5777.821297001061 794.1464005591115
1536.1677399550379 9334.069077465638
3911.087555539784 4301.993828824899
7841.693189364923 1114.1652407083814
5826.505623487898 675.2873942124993
7004.728623467101 7078.143906842923
3992.5355613143834 4010.2533681358163
145.5703095892058 7828.775324706061
6305.681072504711 6334.1232880300095
7147.981431032457 1157.860284818003
3143.7865184805414 7948.693063703092
646.9065943167407 9280.0269277744
8931.732942397071 5713.053695680306
2949.433488990406 6197.599785897461
8398.078295910827 6316.9153859948665
9615.828647221952 8215.072732934916
4309.160453286814 9618.08156693155
664.9033790830616 8977.201003719383
1760.2166150812693 4368.813278759788
8486.450042071694 8610.699805956207
8228.434011291582 5793.620995140341
4376.886055683093 3582.3232659562277
1766.8198413137047 4950.820158533112
7368.302156365445 6557.747345260717
6064.7526810294175 1463.5043392168445
2549.244516025426 4394.095408959097
172.23184255064527 305.9722160808831
7552.613978168066 8519.174414584037
7971.19940492773 7053.840134463534
2329.014306801195 6414.916177891474
6691.986029231346 6815.080197163346
5222.949044474442 7103.258669230989
2983.270428679682 8661.711735742825
6344.6577266127415 3045.000999480012
6946.477366029749 8129.908414715239
9027.537987657586 9176.368022131039
5317.092691335457 9595.28325705744
126.7783827826896 4005.6006512466615
811.2203537091078 5153.401240380777
3106.6221619654575 6703.27682595385
9340.370459962467 7204.840578603526
246.04028578352643 9302.259357034343
8239.321238964907 4962.598547160633
8033.5443584301365 8369.476331979884