4197.880483444606 4184.533583086829
7633.862591711773 3365.6814718726214
2962.859808312479 4228.600883579357
5560.197432532841 531.8296510907217
9773.774109801552 2467.5115700496654
1329.8625273005848 8031.104168552684
2035.4239667855777 6384.262331933371
6009.048138169841 2098.395811172805
5511.599836107472 4190.0652330918
8635.482694120836 5787.270573770841
7862.987949933577 6551.501152227046
4570.295205551015 907.5757229570547
7568.439364896998 8332.391472054029
892.5591920149678 1981.7403039466785
5812.225662236838 3947.8387102640313
9457.23991854407 7512.839839568959
3729.092739114682 2349.8945334978584
3556.702502936837 7732.33831641446
860.727715984636 4467.353216770671
6923.606324859315 8472.741628473634
4156.418399943702 6446.896432012076
8426.13610445675 1240.6535066382507
3768.7941256429744 4862.513779927764
9733.610692367523 695.2393718586991
3096.4078272696206 6325.095684598741
5575.044801997548 8406.71528813639
107.50450039056281 4050.908613117561
7129.256631137223 5939.033804024075
2719.7275424582535 985.1907148289496
6951.712666447977 6789.228160508528
978.2613136256779 5741.399364944244
4381.619740335377 5818.7392194029035
8625.835281304373 1812.3206111521806
9349.645114874424 6662.720541403243
8821.2574135789 3354.062195279932
4199.857788893596 1531.853121973452
2537.7646232555194 5918.054641670273
7700.527763706723 5843.764726697203
8029.9080674407915 4151.283356621845
6377.901084259851 7109.7623311735615
6520.239540835847 3527.8612064922468
1180.4408171223158 2725.9884374204735
646.152875160384 7014.519966777703
4874.316209063268 6215.037146353195
73.20428585360084 4963.58019640257
1344.9525337986445 9104.052556988478
1755.615564792573 5613.088161970936
4204.555605032132 1717.6799870553216
1343.5262609912902 6404.566266339605
4098.166871627057 8258.036378053757
26.477508898845592 4838.7106645115855
1209.15135713903 4549.063559257277
5943.408071549551 4495.148382626737
4294.546893500425 2285.3847268145864
3174.6748708331106 7797.089616352726
7683.22664696999 1802.5230972456075
5270.45703789538 5872.014638117541
6536.807598338301 2829.044281694436
388.0733746289289 947.4162914355577
5856.363924534175 9400.558399269323
1337.7894573971948 6442.609031546402
3759.2759936239418 1927.860511452637
4464.012345225987 3568.9226086334734
6811.031972053366 4403.08549590511
6034.429916945601 1185.9769191843338
9060.70881998005 864.3943894465123
9357.622714919167 5050.3649106172725
4496.341419594562 3968.8816493459667
5521.049807222584 3433.900555291882
6169.898348469682 5247.484618915846
8789.268312059698 5771.408740294956
7158.47885656055 2178.945484699446
6778.261570574538 6807.930016034886
1061.0676275796782 7012.663915499537
268.6557786674537 2557.134738382605
87.16347975677219 5623.809371149439
8610.661301977249 9185.656223695418
3571.1136852734517 9820.784121767083
2043.671235926484 6729.738313314732
4848.805391536241 2498.4376783250564
4445.870901890322 9151.411130731298
3052.2121779737568 2330.027136135828
2134.915081299854 4327.741093352439
7230.393189430262 1022.8189312520885
3403.7988024860465 5319.253825771088
691.6002230128615 7766.558214473853
7010.316860139562 4132.914611333735
6117.587094051503 4899.7979811910855
2523.1988905509993 1151.4361581332123
9080.796739022091 2421.329524040694
2784.368442852777 15.828582427150906
1073.7836999650674 8108.300597571038
6377.004974899977 5264.222707201524
1516.5972956290498 6585.676949534866
9408.57013347077 8402.611249720834
1666.455124475913 671.8371021615543
9373.140443825607 7447.547153602379
8319.182707894384 3006.0723297852064
6039.014797297361 6382.141515490416
1871.5189191857507 29.077866705793376
1080.6763169295853 4910.998848278943
4074.902151477612 497.04306813475154
7428.656749746233 9781.534378081815
6706.407896758553 5704.685923319674
6553.860365689684 6823.417033938543
7343.512199659485 3662.001005463623
7088.16119974001 889.3854423777126
172.2258384707309 2986.1053566239248
6422.827018435409 4810.4242056720195
56.20776964115226 1580.0660600888273
6250.2026292097735 4441.8993683700755
8214.604321559442 3880.134795851972
7862.98041879475 2648.0489253302885
6789.070001768986 6385.528744381822
5528.43756534158 7715.249631634212
8692.769843762551 7841.937225094274
4008.1926640101974 2028.2257488676746
2536.6231336979304 1301.442638469772
2145.405355118345 9505.639932476479
2755.645544847557 5804.967888221077
3331.8052187012413 6208.205620623672
2642.7885227012625 7736.537595840746
3748.27019311483 6280.897030038679
1576.1418602470267 9037.847045810226
9882.649290453048 9188.576365623334
8883.826605665805 2149.7303500513544
6162.2905176698205 1823.501524985195
8414.056538421779 4762.226154321459
20.213012355603244 9328.053041414507
7865.38886667528 9090.451266199083
8931.722828486958 8061.420298555989
6742.545450206297 1884.4830378054135
5410.740718698567 4349.034289539158
2203.922094918387 4856.239103312313
2320.474355677277 7877.487255555582
7771.009351767952 665.0016787990254
3101.3056880204335 7532.984405750255
7906.119406693333 1143.92724309319
9721.30970249946 1832.7670324463706
8811.237819287124 5897.417659930529
8407.33175507674 3010.852097086151
6939.686676166601 4540.723877144026
8892.308615302556 6255.89158699977
9297.737050703025 8898.513839113137
9852.266327563168 264.39777387297414
9445.415422683776 473.8818579727078
3930.3747589315085 7139.750823450487
2325.844546109207 2222.791664744788
5895.471482272564 4852.381094719142
3325.3570675875176 5144.701064376826
2469.0914822275 2765.1322884098286
9341.041986641227 6181.109262224225
6335.588306347196 735.8272394341847
2587.755159967935 6028.940504266844
9613.855268796386 8318.354706570251
5340.658908752989 4597.963073762583
5073.208551176015 6221.444618549834
8239.252465628419 2343.845710118236
3233.9032603747164 1569.5874635856555
6134.524192963633 9497.62473565559
5208.187687796381 467.9404085989869
1399.3132119266372 5386.058013988783
2857.997587988936 2443.850203809622
5589.151818767976 9943.59627806081
4698.474562422197 5484.831124210759
1413.258193362681 924.4053415205677
9289.089251417807 8189.55746818232
2134.450092560769 8509.136746751445
6118.005184244393 8533.153461604872
8205.722822663633 9486.490658114373
8614.12393172823 7563.618237441151
4843.425938399671 116.63519439860215
687.9649290916601 4007.2944532861634
7400.21211689799 8582.342641301782
4869.8264577007885 7606.2448570054985
5206.946978694259 1822.0706791493435
5935.928499197337 6795.334715346953
2091.1889199502707 5341.756156060248
9853.081395225594 6505.689400982421
5641.421201332185 9208.795377489361
8037.950031800857 6229.166435569544
5756.6589319257055 4309.994879778895
1786.313179066017 6854.630955813511
6303.452962962641 7254.351856708374
2137.388031519264 2624.1950352587482
6546.524444627272 6633.986327743592
5802.6183728110045 9186.928383408851
3747.129032228781 3090.9050494487888
9560.088039141157 8020.26690859307
4876.153043750688 1301.9986624933665
7895.99552484132 5093.417866117172
6868.964698157165 2761.1185233360056
2578.3667103839493 9273.90176637298
6864.658886758707 821.9638391307149
1991.458778578953 3497.9126365505144
8106.512963440161 6919.8526971720785
7581.289901363062 1207.1072303759233
7573.48016634249 7451.324359244922
8164.453051264967 8835.86779497218
5789.398889584851 810.7423160326155