0.4442827538354227 0.23612942393675407
0.23338542811817775 0.31451792461144323
0.30633642663574523 0.6679692864728789
0.939767965371237 0.6436359563465114
0.9068019731084199 0.3907474497290009
0.22388547760857924 0.8358724973379792
0.22093578804085745 0.1662007692860491
0.8386999726068958 0.5646891784178819
0.134694141112204 0.4444965159166172
0.10964241644910211 0.07698457553459137
0.610495256890085 0.04245862167771686
0.718764231402146 0.3490106839519236
0.505264343260753 0.11618098765111762
0.9466327836422845 0.5892913628526572
0.234802479449714 0.35133257746003477
0.3256364841473045 0.91024362349045
0.5160514415522134 0.9386923874287341
0.001611801548017655 0.947843122380862
0.5444585659387665 0.20044110953561
0.750744626594204 0.4291418617707188
0.8096070054747311 0.5609127326442114
0.8810943857549504 0.07027336241094029
0.2649413521546069 0.004357736730840389
0.35781260400416626 0.8031053616002934
0.7413387762465761 0.5412288336342539
0.821736045101491 0.39703093413732593
0.08152049941224992 0.8625285866560696
0.20665098024982442 0.4395837872274848
0.7140858193883273 0.4390329613724834
0.7549750272656272 0.8734049954245505
0.04778121797404522 0.9414095701453241
0.25752986038026904 0.558861143971496
0.6964423142735902 0.044471864268079364
0.10856603245486962 0.11252514088177756
0.660605561492839 0.008997525103820792
0.7941086623282775 0.07774154929710309
0.9845108137000114 0.6070804268802277
0.27816330314718696 0.5144224638824809
0.3646982783562899 0.573624408083616
0.0248714299585977 0.3907258522394027
0.4958863394879153 0.904320965846445
0.5447608804623184 0.2705772974231361
0.3532702988368326 0.05390965249001067
0.9549154389093367 0.15255909387936095
0.9070600072813922 0.3946518308833753
0.9484841923171806 0.03658892097467892
0.8381327399242954 0.5054966403057833
0.6898998182338653 0.6853113795181963
0.11285558584112998 0.8657998268575782
0.02480999846942411 0.32219743238714527
0.7197180840596943 0.5721646051739633
0.402710371265967 0.9344845027403502
0.8795970296908749 0.7313062238425797
0.5204341070475976 0.33669980320349546
0.32010146190027167 0.21807021207925315
0.35705850043087795 0.961388173003456
0.458184688236861 0.8321409842362708
0.17062803982513675 0.6972565497084694
0.38847697467861786 0.09357253526351716
0.5325880683576659 0.5449003703884082
0.866921187779186 0.09859367468928526
0.3737571117015367 0.0406087580350144
0.8582662893383095 0.7279460169661438
0.4765778955159288 0.4951781111469422
0.4710236928754046 0.9737720727887293
0.850312431412066 0.0413730783981896
0.44044141501011314 0.7136273309086458
0.4386424974220363 0.4686178563350183
0.3078431207939648 0.8484566988219092
0.5753377167468736 0.5773373170032899
0.183984117360671 0.034320605044408814
0.6812524123789616 0.5888792924753281
0.7399117939465432 0.45921687811984924
0.3601355148427392 0.9830659156941379
0.7085736298332812 0.43459587084607076
0.8104602511834132 0.5563047043453919
0.7442163236372035 0.09337882351631788
0.26402761585995604 0.057047305384884006
0.5349062161527276 0.11588734694340452
0.9634966272611283 0.9694427568152437
0.5776271265423314 0.966724376178264
0.6358910093091986 0.30901315882575264
0.7482032167115091 0.530176793578825
0.3042486037169354 0.5626996815976335
0.7192159231026303 0.04396433485228024
0.4263697894614735 0.8693723508423226
0.8780154202298001 0.5269148392029942
0.9734932079078346 0.8347650496883965
0.5005232188061429 0.9854864560685115
0.5176893850331843 0.6814217316504028
0.7004449769556494 0.8832482516229861
0.7968077762276828 0.3783634696804282
0.9386110670111049 0.6863240688100749
0.3288792179134403 0.8503344333982216
0.7071625475147068 0.7386600086424847
0.20617372398720224 0.26332546076655305
0.3670476437065675 0.7320664601397768
0.6305839532197403 0.880410138124987
0.4002760827153192 0.6259647410871241
0.43066752571344324 0.9870953693964758
0.4810361044188176 0.8961402547280813
0.04005799121750342 0.10497803466818434
0.48824394903397306 0.730749958730154
0.1257452828924306 0.6692980554234162
0.38723859034436225 0.5153288464775635
0.2601240010710437 0.3905750949705826
0.4878588489368386 0.41480559687715546
0.4054515809186321 0.2605586688959515
0.6032090904231981 0.3243349064611304
0.8156957451970562 0.5869942343246474
0.8613834163601938 0.627900369547514
0.2362631241173253 0.3360990927074311
0.8222825720785858 0.2515968705381475
0.9664342574295697 0.9876090255229611
0.0018930195454522902 0.624384783985717
0.480715001375019 0.7058393663151581
0.48652516594082396 0.09414297786958337
0.18140586032025574 0.6410610553589069
0.7888444950037741 0.3423348314699367
0.443710516186394 0.8934753205269582
0.36109810541314735 0.7345621591568764
0.3649645319698007 0.41167814310021367
0.40356402231272803 0.006572851209248665
0.9775632017678231 0.42526617091953633
0.9002311191367619 0.6957504721338661
0.15353768093789188 0.3121336330565835
0.5143669744718976 0.2368164925638453
0.9303334234709865 0.883877629142953
0.8964918036788899 0.6241652808649929
0.2417814540470029 0.4997894810026269
0.7011832721753801 0.622347127248386
0.5398954051826034 0.7127310113904617
0.0605963476734136 0.1777922110723229
0.9450099375975897 0.6458168626614792
0.2636362280529261 0.7166694396363703
0.5873338018172684 0.6300319970809318
0.3040590135103042 0.2058911847555901
0.6375181175070129 0.15533252975953193
0.3490269339331833 0.9573535335717002
0.02013786876831236 0.05111808022000619
0.48682728677921827 0.6712342738117847
0.08996185059818984 0.21734346237513924
0.22745641403396533 0.9385646808151902
0.6800921352370651 0.09209057313519209
0.6327924959861086 0.4128417603777539
0.0005026192201239565 0.8935535546457978
0.3616942288822884 0.3546378820979298
0.3937970255412391 0.18961212286014284
0.895600209328513 0.06500336248284899
0.08766823636526844 0.7527793456868832
0.9609959190221423 0.8436739391278641
0.8190216630923053 0.3127211525684821
0.8222029292114241 0.35162805012692655
0.2059270308021468 0.264461915449275
0.2932592659573976 0.5859059147452711
0.8768187570800405 0.6964906467925494
0.5267907307764393 0.171243118126855
0.43755970249869747 0.27379434164466376
0.25309021565723555 0.7058206813605926
0.9455346490118536 0.6331751551787053
0.7220876640713412 0.3211417178742848
0.307714424939864 0.22800780849767255
0.9193724854710122 0.6338499020834532
0.6850852669885861 0.7936196435598557
0.950551695248182 0.6755932950664744
0.06489976160219202 0.6854648785384253
0.6639480664733128 0.6646232043076684
0.9561135455326083 0.2905265952215881
0.8294782508218846 0.9595067386400592
0.9273260850408288 0.22936301827123962
0.41101810721574383 0.8814611810630788
0.4919491550417415 0.09308407008330377
0.5138455982086069 0.8362678767628807
0.5700589198893175 0.49303781796929025
0.0812967193612747 0.15273409268854266
0.5789846993053869 0.6923827352062362
0.7817427389875833 0.7532371120063023
0.6662783129485718 0.28194540950620384
0.5662011630376311 0.6720101198258512
0.6178306105561685 0.3775069577483513
0.8458932578243279 0.9898650668891003
0.8703445545548434 0.7632140201566928
0.888029418039451 0.02295484344601373
0.4917760641437111 0.7859129772538044
0.931403437950935 0.7636963834421617
0.8713271418792735 0.43073495463670053
0.5213300679914364 0.5219274158561071
0.11082079495342978 0.9510851706416927
0.4176525176698247 0.5702666795141339
0.12448638961524017 0.8839990384055452
0.5610896721619717 0.3985530081092482
0.02867227236777503 0.6064025569596948
0.4907559568162414 0.9770318560591944
0.2566622777566213 0.3609984286089122
0.9486556148743461 0.4630652234385295
0.1872710168526307 0.4600002763395802
0.26089425167486213 0.40337950169795844
0.06949699075592031 0.6720259070250841
0.3365322608211023 0.5553012115482622
0.6278363578321184 0.01835404967932741
0.25373967947190035 0.5487016084255989
0.5024175768522833 0.9781942815063089
0.7029479484352869 0.8950052622128997
0.6727514755762005 0.2477639041270182
0.946801267044942 0.18081129315458266
0.44689344060017 0.7880325082518832
0.6828106884546775 0.9254889368549554
0.4673731400478921 0.3060738827327263
0.7437991241553175 0.4868177132141881
0.1471488379261887 0.04939840617762992
0.2695569783804276 0.606597846894305
0.482944054863063 0.22276277798562794
0.7314649759729789 0.8522156696325974
0.6932317887472755 0.0016492772707219494
0.5196317963851667 0.996502897232403
0.9934075841838896 0.9950129972885918
0.29370808162057893 0.8657048692457656
0.12193384402226637 0.9926185942838276
0.26062646009842183 0.9960338766881834
0.40703545239084715 0.6541710470904584
0.8479279548123267 0.23354909984606487
0.0393284333937991 0.6414655462703216
0.9480062043710098 0.3816590816894019
0.3018802166279443 0.5232005773820007
0.4201211568455955 0.11905017359408776
0.35252539615750467 0.5416214311185074
0.4033229994403419 0.4366717062360195
0.17670336392970598 0.27856000122178515
0.5100034507482188 0.9110682323788217
0.25562649834942464 0.8710880719440459
0.7049744776934638 0.16205364153571444
0.7864270799537916 0.4122676899784602
0.6973232307905783 0.9485492719139607
0.8235969198280987 0.10382506875029285
0.9140802498767246 0.29871166697474216
0.8469983502286044 0.41271997715327813
0.85719311993329 0.0017966930634722988
0.026004633564746027 0.728226629189488
0.403863892484141 0.11432793068591951
0.7197400742411321 0.8771426811187668
0.5723954947081499 0.3777458223516459
0.017052124519649436 0.7483959477574829
0.8554149224217853 0.9941162573146706
0.3890325467064357 0.2256573141427063
0.4466451125822365 0.3322447966352594
0.6493180177320823 0.5906727053149717
0.30911719158533857 0.9197927421004717
0.3926996190946269 0.11956447834805806
0.7077994028213337 0.7290502962369717
0.5341174780014384 0.7353917501591988
0.6130390456428649 0.2926873924110581
0.4480068996944232 0.1062177986536359
0.40522680441035874 0.7855101079275794
0.956015932185461 0.406211073920548
0.34244200364603694 0.10739377298129849
0.4791928478480767 0.8426730290199944
0.2270567319856056 0.5041567182148846
0.997415826113402 0.8094221052990869
0.7895792027335887 0.18195551418938938
0.7693547510504783 0.2943068681655905
0.3970449367706518 0.24482358644775837
0.14416051884596215 0.6737131772253458
0.8039963578986062 0.16535953535836245
0.516590219892993 0.48449956959684715
0.053805061620451844 0.21993268929482168
0.5947003780280831 0.2424066993030024
0.01899919422973373 0.7279301662207861
0.826102064180937 0.09282565508654939
0.03227593305289511 0.7195844694518688
0.32017504792976104 0.7790292731701588
0.14335918853683782 0.6876030956620784
0.9932428422035898 0.9954000694074938
0.5367066005574741 0.046037682648020106
0.29322371728783836 0.16429301218763437
0.7500880057548467 0.33489000845673966
0.1466371824808559 0.06637424270135084
0.553779170047019 0.9094489628626681
0.2251590693928528 0.11719401878840574
0.1610357054041297 0.8740251262058387
0.35664637100225804 0.7496393868788201
0.2988323174591031 0.2525847126661894
0.49447046484010626 0.7635282859947026
0.21090267882110592 0.3484009217302738
0.028978085139215293 0.3225383109620402
0.6726056837204456 0.7726086791451732
0.5443016604519623 0.6119360916123392
0.181560520232805 0.7159050858611054
0.3784701964933834 0.9706362393016378
0.05141556111628809 0.7971654278742745
0.5893118372878252 0.660576917617119
0.6353049309490647 0.2871153406594533
0.7918372822765022 0.8186223574059105
0.9294477988085952 0.5200084625836846
0.6282673776824418 0.5004014862546651
0.4996829776843509 0.40690171299610056
0.5910334276927316 0.6991867014958337
0.5911588929239262 0.688144279727271
0.2969248003111532 0.8134400444864246
0.31634066083667267 0.1149820600849939
0.262375571489209 0.028194590275712583
0.9731712357510232 0.7690384334011728
0.48844649677020313 0.5710447453346811
0.29696781975853004 0.010097299989363262
0.49271689090574955 0.7518730901049012
0.17298049311107866 0.06422003243115215
0.1541256706586358 0.21478908613740255
0.8627206512584202 0.506738543618428
0.13826139805095106 0.34764340492284906
0.4146321955690452 0.19258372782083677
0.3467603106028099 0.3375083788858745
0.23982691224202446 0.8586479908258817
0.7654068486505533 0.5396231913887936
0.7934315478036936 0.4473958674118541
0.4587600404200539 0.13764695402672578
0.2698073792283153 0.22780811380393085
0.20313371731329033 0.3691222749781904
0.40806127411870663 0.4127652096489417
0.39545071798279685 0.9761317495836727
0.029963499153195072 0.8680869171763166
0.9759367336540076 0.6590953398623043
0.8995498805724563 0.39164615611868947
0.7199739605408061 0.5863423543677297
0.4137415505123935 0.32756421336909913
0.1100305455466668 0.0021191795340331776
0.3629584314240418 0.24119607543732358
0.21078229647633295 0.8569231499889837
0.41709693879508913 0.8342791374616362
0.3362347368961037 0.05933543742486236
0.7625847234068106 0.47805626496827436
0.9026498388843998 0.6830289900440285
0.5616128528488088 0.7046943616153553
0.8280946779181324 0.9902882741442891
0.7230663733102716 0.17693165071975092
0.5328260796202197 0.018310442303326013
0.1040365777106157 0.2653521663057251
0.41860064102099614 0.7784783216766955
0.898272734905751 0.7058169674508455
0.5549739193666355 0.14786765702275206
0.791310257223246 0.8711126847439293
0.19837180502173946 0.3300468337988106
0.5531579164461794 0.25407000131626223
0.3688985057858887 0.9334616102716521
0.032759065530727494 0.9651187916237204
0.657556286453779 0.5928632231744915
0.13108393421131237 0.217473135282774
0.8081291599301121 0.14527338142596924
0.196723603976093 0.46882941828852176
0.552015032862501 0.5265089312612772
0.415999944077006 0.9822580649730673
0.6477660978059633 0.36747790379145984
0.3575206248493563 0.4158339476731403
0.5128841693379098 0.2523769359654071
0.5302978871557125 0.0583428983033355
0.359205746533213 0.5856207980860475
0.8426532274564773 0.834148218339433
0.6149213214592916 0.4767420225035641
0.46268661782881626 0.8582447742228383
0.3559929005443896 0.3697799596379472
0.0956869522081163 0.27889252041413526
0.6909771393249563 0.5740571383753303
0.19255372874117105 0.9335090449899591
0.5207409310694663 0.26563114029068147
0.20260953280648708 0.5237795166540576
0.6378326143868883 0.6918210181154703
0.9843151495842882 0.5653603958483316
0.8070611858049124 0.10079527955788692
0.21481379604261552 0.007104014802120973
0.5035018264877954 0.9136279762042621
0.08257517701713268 0.47055352751477353
0.01579800747805571 0.10834386989725486
0.9304161031753713 0.6766906491775386
0.20472075382120503 0.2553640020930644
0.0045431810541098905 0.9482020579985758
0.8114133303947215 0.8794139346008771
0.5000663197118809 0.3003447977625173
0.633110973088879 0.1296587154711143
0.10079294897876978 0.03125610653776012
0.4199671979083588 0.9353781231380358
0.7352284646544164 0.641512781541203
0.32636032729973974 0.685228698850576
0.5216283846834523 0.8997597193998116
0.5670857943345371 0.9911827201047089
0.7352511191440412 0.9640920318322116
0.6121114827015544 0.49898695733581855
0.8682154415335398 0.6276908709261848
0.46627421414978865 0.4576097628576672
0.48971285788296237 0.8669451572087241
0.0504569397422473 0.2822994778527833
0.71374536139132 0.8156276719329205
0.5061370586149708 0.6764990347416361
0.8141145705321099 0.21291993189227476
0.3272308427305288 0.2052601126531618
0.03315216549345523 0.2685627077537661
0.500328326997844 0.3616495889176645
0.587557366848001 0.5520583466756183
0.4844305514218493 0.6204258817856738
0.8098907234323602 0.5114758024369572
0.04301613210708133 0.23757121536843506
0.3080473859794609 0.2699106525454198
0.32263902353984253 0.5641957208698143
0.8112471635548348 0.3228067079448721
0.5352651843249192 0.31098965756886454
0.3647622958152209 0.5144209224888411
0.6738793194191212 0.8328500795411197
0.6731637533082193 0.42026491421757084
0.36194207382348675 0.6995529730689302
0.9843093040550979 0.02297026740915764
0.3076729114583835 0.6908291607096672
0.5254082980522574 0.5906310344935218
0.774937526752241 0.9054104167756967
0.7189285154765721 0.9914728450933943
0.8249102868929684 0.42067978012198304
0.5656413855477821 0.5138965749791399
0.30135207277068154 0.3622106176358698
0.09904572489459362 0.24545536926510647
0.35256595611270536 0.9257430436836354
0.678759451428542 0.7350098539342854
0.05219349779069249 0.9542022380830648
0.2573831417954431 0.15158335497782505
0.8837456839671098 0.8533692997859839
0.10170820552788862 0.704657645867
0.5966470007011034 0.5586974063991341
0.9388099987488402 0.17949255285412202
0.6461064759585566 0.9175244807198815
0.3446808174271454 0.8180541584450443
0.40706083484615974 0.7391973827333544
0.012770591819241228 0.44058992334871483
0.7302372585814981 0.09330288281687527
0.8947707210188783 0.32703229993804295
0.3363484807724094 0.07822536118476242
0.26691798651138 0.2308780212681114
0.1600547123000735 0.09041692060521811
0.24323303112226757 0.022976266097347264
0.5214508269604539 0.5513959274848903
0.37141978303254 0.8793681230873559
0.012416699574952506 0.6824104174115806
0.013421540262293363 0.46403832328764827
0.21241450414107677 0.42552421978538313
0.3993994705212006 0.8976314487598461
0.9418517576964786 0.005517617803767139
0.9421432553811071 0.8262952556100278
0.2888082483617199 0.03506856478571885
0.6812177953206012 0.4899302346497745
0.7684071845032351 0.12919063572773815
0.3315090357126623 0.9444429660665707
0.9836665245554308 0.47392914715541157
0.643663968169896 0.33335257065422674
0.011540037836369366 0.7911170257784892
0.7707584728368692 0.3859243132596021
0.9593041958408991 0.3396511299380588
0.9217708809547678 0.257447478973868
0.4971448421999377 0.9520096010194288
0.11312204713753127 0.43896998699114154
0.8789620813001525 0.035717375151013586
0.5164293418638873 0.5937100479591263
0.6683123875693107 0.7087232602325896
0.49104097683653913 0.29490760546649775
0.5416681805492344 0.7550840332552363
0.4945513959808351 0.79770878004019
0.8936625491737614 0.211600575239153
0.347181701368255 0.6585938932866862
0.6559224457645065 0.38013153183201476
0.9415639848226551 0.5838073674521592
0.7963097689596241 0.010220782659139838
0.15810065055146183 0.7403811773058031
0.3427455917960266 0.39612870803717337
0.04125088432831492 0.20630896888706107
0.14934321829610575 0.15527036033283848
0.3334142073496952 0.5522324624688361
0.09380368188337629 0.8944886817287323
0.39545635109907873 0.05560651662095095
0.09241113923724686 0.33239777972213325
0.5040798387368862 0.1726357370824032
0.7917720202580306 0.05585116695967007
0.7712823559237619 0.2151234439349996
0.07812886848547196 0.6534633267047829
0.5030977892589249 0.020719503911587833
0.8499535038265008 0.8697383346585891
0.41395764853588446 0.6457668394424262
0.3387125149508773 0.2895874730202296
0.8684222366584935 0.38808630267731004
0.503509351518041 0.8333367026887203
0.27730148696420387 0.8737665797244553
0.873308022434477 0.24628078603856307
0.019264448979828264 0.05986962619208913
0.1604519090380182 0.4164469267758155
0.2592890101001297 0.9076083356300181
0.42540913316016526 0.3795767577377058
0.7713864925679461 0.9706389453095945
0.7015884167002158 0.471327544453632
0.207166247377644 0.5332909375278504
0.13029635640546577 0.758853453995607
0.2864973933863497 0.48678821686793106
0.5445790075589878 0.5043498389352448
0.31438558965529073 0.800992364517344
0.6476745678044197 0.8502574975003828
0.12385081532825915 0.33226678118350383
0.04600000205418475 0.8935452068278237
0.06915968131956418 0.4961256392439043
0.9996763450194166 0.9787010289381048
0.38744010096074377 0.8841213680614144
0.4492450662951363 0.4951751832368648
0.5268440565054999 0.8958736533121018
0.5881399965960007 0.762566052774442
0.8004287848562791 0.0016910338298847805
0.8224727864208315 0.3837201442909206
0.7708395617092888 0.1354044787868578
0.9835600016406495 0.33942370393008314
0.9801410156077316 0.30912184210672566
0.6588977998682425 0.2835793522442184
0.5297588637971471 0.35918336997418243
0.19930425333073298 0.8150877648493139
0.9052166367492459 0.016421808727645204
0.19764158517495267 0.2017953925847793
0.7955216004318776 0.7211184535841589
0.5110929254473344 0.12332497340482185
0.7115576588633903 0.2779931098860192
0.03622174503898501 0.21855425664532357
0.4210519567637998 0.36414835198384177
0.7703403426950209 0.9045803635578327
0.9880151956057167 0.5855367875355701
0.16702829006802355 0.5595362392042754
0.4550450988053899 0.0877265495078261
0.07320287199936659 0.7032888718204343
0.21312939735164405 0.6690312787508594
0.3484988095958501 0.6403643460424244
0.19916817332863224 0.5656314736528092
0.2055482877474737 0.22068575526450873
0.3503702111218616 0.0982721461759537
0.750364886444239 0.8443370089394981
0.5636038821355673 0.3392193857534289
0.08817445828853843 0.7712266043258894
0.8164006672555453 0.19612161995102695
0.9786586953716613 0.4988621877374818
0.6755089276585475 0.8129975386458139
0.3324804483321785 0.6140949396839128
0.5294228734494756 0.9354347440767778
0.5292560337028457 0.6211615152151112
0.6335988978292597 0.7582706224450069
0.2366296919665235 0.6880322187543649
0.9303596660917081 0.4877218866780286
0.6194794326612915 0.2624642945015867
0.8720524960202962 0.2776058957993025
0.23392519457629257 0.519564944989053
0.2897204457863102 0.2535789111594463
0.9467998853268413 0.5585346513469173
0.8277652563796142 0.4003343179540987
0.9023717478031735 0.08009801527906057
0.5125757716517402 0.49539839890952886
0.58096630051596 0.1498137710400197
0.23707964665747128 0.4685397239991781
0.5216795784087724 0.22085007066431317
0.31122951826254186 0.2094371569018112
0.4366148462247659 0.761693722079867
0.5647205343722252 0.04519899077259715
0.1582592449819772 0.7815223397486322
0.647880987272967 0.21005648102599683
0.38324639067626465 0.6541206975982873
0.1081519930981536 0.2837192252592683
0.07816325941794289 0.33182170121442567
0.5971138584372103 0.7241327613351662
0.5505841969245954 0.20001784064116135
0.4075596135313625 0.8312159360797049
0.1611813245201511 0.3284183099556982
0.23907593366720503 0.2593719133329768
0.14124013835697102 0.9197381704207782
0.11554130394976625 0.9772440970548215
0.7610127053056822 0.8941645809741271
0.8101377714287359 0.8571126790786524
0.3214345490912355 0.9789851842611489
0.32311991559480147 0.09384046182229455
0.9906964416405494 0.48000479236425775
0.6267335224298489 0.5793833826408266
0.2984683130701081 0.4707119665521311
0.42823295554993246 0.674790121272775
0.5767464170993933 0.9581081163790872
0.3610949874952506 0.15543867737804296
0.9678941288777965 0.621020213913589
0.13533142002046794 0.593574902966416
0.38185749031498806 0.016075021988383398
0.6963725966214672 0.3737511672121083
0.1144107163446686 0.12440325064113789
0.9506217388529142 0.31179888150242907
0.30839136177485293 0.19949502389625773
0.6549385814276636 0.7239508404522529
0.7652243074672695 0.24247342679759298
0.9808424206826158 0.8972906391634479
0.06876986373462524 0.4006941526007405
0.9808517371439222 0.5421637122340887
0.03346146144933382 0.9308353273091696
0.7856360113176536 0.13159094980934705
0.6594911739229908 0.9804240156124184
0.2428406221802325 0.06152217785681502
0.021908165280704828 0.4341490354795473
0.5214350593909544 0.4115029432549626
0.028710062914236056 0.24694846243060642
0.4785597413331951 0.4284702896947631
0.5548938446956607 0.19951872302151707
0.6487368350211942 0.7116978901393683
0.9253578710097234 0.1338945318425152
0.12337323003305622 0.4638572237784395
0.8517608012164704 0.3178814518795422
0.7700666441077129 0.6301765289623537
0.3753798347672206 0.4806328637114371
0.5002983550745029 0.5807530672752064
0.01330218577808584 0.15072196559672746
0.04210714366790069 0.1089485230406202
0.9188901738759329 0.11676844665671149
0.28996891677222547 0.7327046590777786
0.45879245619200193 0.9695380468869951
0.3874038269440331 0.4322301486185177
0.26209450063080775 0.005382891817850233
0.9079253471861334 0.3810710080833738
0.9676404823478014 0.08258583029022804
0.377823918677611 0.6493709078984561
0.35644856161490146 0.7465404085040567
0.8082866310452892 0.7332975584382027
0.1425894881074451 0.5986623479907575
0.10084090281533775 0.44530402087846976
0.4403823492131401 0.8085016637664544
0.958914570811121 0.991340667153465
0.9542198041848197 0.6647995732895683
0.7810971192639191 0.12171986152517622
0.7297889399817252 0.10274470519770973
0.39835449681567436 0.6902841789540382
0.8328814179618301 0.7132113824051936
0.0016300673402483978 0.8685973641462305
0.9857910589346295 0.5452451680838488
0.7882009894901338 0.09151617550192181
0.6168427466931906 0.4580295877041598
0.4035213664942381 0.16008700843223467
0.38582087401167153 0.6039560417369746
0.2839042725957249 0.5714165029459916
0.4093058313535174 0.35572195954122077
0.7933483280174028 0.4519979950918145
0.30122382049568563 0.8953679923493888
0.8359536654986773 0.6257121753957188
0.5768124611859191 0.8605717797540541
0.32361700844435604 0.1446531807566087
0.10580022632642072 0.9372207746006143
0.8294488681007215 0.5278497140219932
0.4068793323368556 0.3356694562522463
0.9929474402221604 0.3406884175910917
0.3365582214906603 0.8964222183998396
0.4639330789375067 0.4762932142443105
0.6649352902281082 0.790648801587171
0.12168245073379613 0.5956610421395828
0.6605276804375315 0.6122894279962227
0.3593787871759597 0.4068621616576874
0.08680367434028902 0.6294481391512597
0.47309129693070473 0.15910971447984923
0.6671147725030538 0.5616246888079254
0.15795529692201393 0.6265441272649769
0.3496185314740785 0.2818339283302004
0.5213081619040829 0.5537306522399954
0.4102010768657438 0.9722769474488787
0.12232148598461912 0.21220618129800195
0.8442895814032919 0.6067691486793794
0.018955460124031265 0.41938756144246014
0.5846319776250392 0.5489509966767129
0.5999241109162265 0.17822315932393062
0.8489528402840327 0.7713237152581573
0.24232336098343832 0.0667361982198138
0.21092380709326564 0.6782157371677247
0.58292970805665 0.4212190136962052
0.5081715384928632 0.39190653563539324
0.8623192507818463 0.03291621650008447
0.8465068870083099 0.37389388166483617
0.05612596255795599 0.457319649914115
0.1489962234022053 0.9447126361387276
0.26875280436444504 0.8193421272665903
0.6512785559722091 0.791476786890822
0.2746398921545573 0.9863262327386559
0.25375549699289257 0.380131886747765
0.3870718945412789 0.798399567036613
0.7962640223527685 0.2772464079722341
0.5375803586539473 0.7590931225747745
0.1474345648397407 0.6124483097998593
0.8145057774433819 0.4542051586617658
0.9796376875618245 2.5442842629397333e-05
0.04616206849862481 0.3693701192033012
0.19198300408286262 0.01626178484257068
0.9024637359901857 0.9274647874772218
0.7555803986726847 0.6049901200837899
0.8359951821711792 0.8474487812566317
0.8786157155905737 0.6628153908712062
0.9293474824936923 0.22540340865672737
0.909930360853218 0.5917806229414411
0.2106496408267391 0.7552725691206744
0.772414096420855 0.09447263611156553
0.45538858277636607 0.3631076805483996
0.36036106652254307 0.6490628638793992
0.26134120223718926 0.11159324642208623
0.5448240162719173 0.4723904137744903
0.8006664506875129 0.685224762869255
0.1351096299183432 0.2166947699554993
0.8712329893197452 0.10597301585865238
0.5719803752711304 0.2812658643281697
0.882050094911312 0.5635622806999132
0.0161976167653749 0.3630032217128203
0.11778332241764622 0.5790989651966564
0.22556126238166663 0.3165412803448102
0.5153559864551248 0.12794456254826614
0.13965149095971374 0.5167171581337492
0.496491259679384 0.3765396879192371
0.6262135957456344 0.09590632685808065
0.38388902329201036 0.3611742289320323
0.4785217264733337 0.04702073444571875
0.2692347672317321 0.39832046519952524
0.63412304139364 0.031299569401688876
0.8064899611078132 0.964215128942893
0.833259823350878 0.5189967537243956
0.3458425155318593 0.8217291753874004
0.8360678824561216 0.8208162416399455
0.895018244178812 0.13499939565621177
0.5021235806244411 0.6772705250638582
0.42066722252340716 0.32698025255706886
0.27446244232614014 0.7716734959289573
0.5325812397618505 0.3035793677660297
0.19396504794468117 0.18884729844597625
0.29644971211298876 0.3283161931224524
0.333075551443069 0.38664285502587503
0.04171951946125707 0.4526119395015964
0.08246142551630964 0.46397573030053274
0.7728481735009033 0.7852839455838884
0.5123407618799579 0.39868783443186684
0.8083482799579749 0.24467236333570852
0.9609214259588058 0.6078181165826724
0.7265144501547735 0.05729822352087832
0.8758959028424022 0.006653420930788134
0.5078040776767266 0.21142052535305456
0.6351886532365847 0.934439331697584
0.15246948895261414 0.9457616372409944
0.19064572153807147 0.21356197576403568
0.4090071117363536 0.3506360561954923
0.8053692353069858 0.12015979450544312
0.9037187926130388 0.6278605324450405
0.6387485239942191 0.5968523876397075
0.7283687578929378 0.02638121419906736
0.2900861281672401 0.3803430524296989
0.20121511416319893 0.7981591510387341
0.7820066243799477 0.37014562596841105
0.38811351892892954 0.21598562356551532
0.6343298728161675 0.026787017736520924
0.5869811933608897 0.9700154815878417
0.017099540711439487 0.6526764845086853
0.0037189301493960603 0.407454195399401
0.16314343919334173 0.7516033551185294
0.13008417262839067 0.7734347173629006
0.5821882863066445 0.0066908783268986305
0.6551802309034073 0.9112076385786155
0.47955590841387563 0.1088338146020994
0.29034766158396097 0.08013015890582387
0.8925504515216406 0.328841090133414
0.058823027847234255 0.1871327337664448
0.7566516719563571 0.5954968372195839
0.07881615402347664 0.04743744128899241
0.84034970462391 0.47078350901285204
0.4012818006620972 0.9823629670254329
0.5062003954235202 0.8674010085483489
0.7188497250357011 0.1317949747404481
0.05500436706900791 0.7672899659522004
0.8886514977621508 0.054153101441606344
0.6041126812030604 0.5618980951660015
0.1547043773250404 0.9409512532238661
0.22224650722819606 0.5090722711940882
0.6028742367318632 0.9034738725165716
0.38684370545934366 0.7494852124852723
0.08446435078858183 0.4907241438903185
0.219734871135717 0.1395991912667509
0.6685318011365393 0.5624135799698987
0.11203450390951597 0.24761116831870644
0.5242990660622703 0.3963646107214316
0.8257039421160539 0.8556632516975704
0.4083155148263605 0.6299332560375832
0.6821416300095376 0.05363728113269772
0.401561197452857 0.8605825753138803
0.1671150889057469 0.149769647553326
0.3600005332730436 0.5229655976382462
0.7865854568021838 0.6516168653644541
0.7527211017643255 0.026952874559956874
0.9152317401960741 0.6396115514396559
0.5053300408099796 0.09189228290104146
0.8594888362712269 0.2314321626821666
0.17678011529055304 0.7305301269123793
0.8006392978859734 0.4372853680943142
0.692713751148247 0.5129991902329228
0.6770309613342518 0.02138482941475195
0.2797266116797976 0.5990730757109736
0.766008531747854 0.10209233381730232
0.5090007287546338 0.601566408039966
0.10695023724058483 0.07966510558869766
0.3905099554670335 0.5105457495602104
0.8606488889897882 0.06885586490528972
0.46565359988328636 0.40579253805176696
0.0566931755012261 0.9851712702344656
0.1831865270600186 0.5524353922903238
0.7278899223038313 0.20459929546842726
0.7368727681299085 0.31833200112894955
0.8136936504264501 0.06785524648812913
0.035390864814023315 0.4805501145037646
0.5501645935008375 0.3347370668439542
0.2157639452499409 0.5975371788325842
0.5338667569693188 0.5451253328485715
0.818820154467512 0.07410410000516898
0.4832543581612059 0.37707381866835354
0.7821238100141205 0.6694807049504973
0.8506755964590241 0.6997490941074667
0.7813788029711579 0.6143465014766643
0.8926495012753392 0.9809627997939345
0.2976319056756501 0.14785182536839891
0.849399512360455 0.4383006783565635
0.16615769107958467 0.988801179071629
0.13492146831836493 0.9392960708329542
0.10826679456822141 0.7948089833476898
0.9373437649744724 0.39567617847886694
0.9330927667788874 0.7246079479985508
0.6715333239903144 0.008926200276117346
0.0028082173516027487 0.6981643721038907
0.49854846122970187 0.8828101707298838
0.8912268578234388 0.4758424593957308
0.9703692609474863 0.638419264990698
0.9632820791868039 0.49733610215770485
0.6956742089785622 0.1782855280628044
0.6442998375895886 0.56136134797668
0.07243953375484735 0.4351417165741839
0.16532398773989299 0.18093198118128218
0.09853283211886832 0.16142855646449428
0.01962575750588802 0.8980837757678123
0.2725471237906453 0.8905550768538643
0.23340669717852836 0.2564925736480601
0.7207950055847103 0.9545267224069828
0.3911255462389175 0.4097998962460305
0.5110974759756721 0.1093259660872512
0.5507608225487596 0.04672838029641291
0.7484710352941747 0.8844444420812168
0.5471252479515765 0.15568355255008426
0.32160552040393064 0.8524258367642111
0.9981017118218033 0.47266873763736295
0.8689863990155681 0.9248141099736376
0.8412229289608147 0.055408106545693614
0.9290043089196257 0.7095492978443669
0.569265827857935 0.008162165559730372
0.21929680473708735 0.2432156924700014
0.3984411905980657 0.8769797693434921
0.468171294906364 0.7072754958837215
0.4709421729297627 0.8278474953626306
0.9080674244447924 0.22059484259351403
0.9274979053306341 0.8310464479384895
0.3406577831610097 0.9488944868235708
0.7448041925348211 0.2950753487295772
0.790891882987586 0.6627172559930464
0.7624865106295539 0.5112019401173993
0.9366756094154807 0.8558820356640776
0.6402534085991136 0.7462341691556115
0.38210318192133785 0.36200943648647044
0.9319476386801253 0.8530906587727315
0.13960760349080314 0.23286443909425136
0.3886530938563475 0.9260083937684627
0.3948437418926237 0.8201270655785433
0.42798513175981334 0.3822191489863187
0.3870838793059579 0.800880520155203
0.7289256594894444 0.07575406460312395
0.39699942741911143 0.8758143338528004
0.6780100288389861 0.21402078804315228
0.11260273598452541 0.05215467019389175
0.6504723907866024 0.9668503714614591
0.6091759031158261 0.21351908284379584
0.34707152085165416 0.8455348429517939
0.6129476362871062 0.9381757874131962
0.0755338770213635 0.9581154911804493
0.3988354387210741 0.5032519105026936
0.6912317724371968 0.6906867449791152
0.541453115767507 0.2573757100558203
0.26294267342529254 0.2951591001313332
0.9381416632590677 0.30114847995887073
0.1818989154260594 0.9852849047465447
0.5076399698046656 0.16163865258883103
0.2753219194841343 0.4022685084948404
0.3994730618583078 0.4866454632022349
0.4090473179431705 0.6682165706173581
0.20005460151704757 0.6006846879536719
0.5318570252328355 0.2701692727021858
0.75790903021381 0.7500388382265614
0.4207682482038495 0.78020309144809
0.24839817481578574 0.8583846902575824
0.9319801778994204 0.8051062794842003
0.3618160210006074 0.7644162648509509
0.3634494011256345 0.6844707509186503
0.908059043442845 0.5381334604423983
0.6922586531191801 0.9458831982647246
0.1696451058498346 0.14512196739190275
0.8542792788975739 0.48706122340109237
0.949679460710059 0.4372609884198899
0.7807739492068233 0.6926618081777471
0.8069856739052208 0.12863107299167753
0.36973087456644693 0.6385935600596518
0.06868808486819922 0.9080021827049123
0.5139069054238549 0.8616997450426994
0.09358602260989246 0.043430456539961804
0.4107564941963837 0.9493794195554702
0.10430380435967801 0.9892656149971181
0.9494697513092611 0.8360082354844844
0.11326591805561548 0.259556840394751
0.3183534411699708 0.07316446872934745
0.9651723265676984 0.2305077228265897
0.306566084953225 0.32343668816443183
0.40116131507673913 0.3761889621149146
0.08868510077523906 0.2192435020039547
0.6530996667069477 0.6989566329649379
0.602485943153241 0.6080916098345935
0.7241916351896088 0.5067924731523543
0.5404368746055379 0.5718879898594132
0.37869305082957194 0.17292980429348637
0.017323790260274308 0.9204127200417314
0.7250870252039855 0.35942293454544194
0.8964945485504944 0.7320646143273623
0.8145478100380379 0.12631954140507573
0.20240985702907266 0.09769902545001619
0.17168579817870566 0.14803506161390434
0.16630730575337815 0.2558753518032958
0.0842896984078324 0.3297029478548851
0.21100296219397752 0.3195416569276076
0.3806301743268886 0.5342652236441996
0.28999679741883944 0.23406747893892987
0.49904971582181934 0.0797693557970649
0.5728044733040165 0.8505493814739225
0.8465575195008412 0.839405208232807
0.474222815253859 0.4780661753658644
0.5259566783293869 0.8552829539955458
0.027256392867328838 0.17624072481813702
0.9477869302432373 0.5793412807514836
0.9015056608850965 0.9110119734796747
0.3815022078447049 0.07716607107935669
0.763297626884853 0.4296750278005287
0.248430103671042 0.4832719064623813
0.04989979959058999 0.4151676554821401
0.6054339487411368 0.22865025277972173
0.9650031191068973 0.8527512675083764
0.4152061723811812 0.17125829649610225
0.47388706728302 0.4193938954484363
0.6124959205850845 0.5155264957961555
0.2927124462452433 0.8033954518798788
0.7795846662228516 0.6001755199408719
0.49753397326667215 0.253160569428157
0.6527936932318937 0.8247301497263835
0.17212237038192157 0.052329717807675036
0.7524225955212898 0.7101846148593389
0.15920272087751497 0.8630554889178931
0.2539108919876448 0.6290856946866797
0.33800649774282543 0.7693935977576528
0.39349530973453717 0.5358845789795516
0.7000570225268359 0.10798373739113998
0.6391338900820057 0.5157626915554043
0.20790078879382468 0.343348968639855
0.46522160561572556 0.774436324614288
0.8738495977593966 0.6869602421210445
0.646475783470635 0.854854200998707
0.9319676210695482 0.34993812911503686
0.01442795995417312 0.7260874149089783
0.5707788329440936 0.3542712003262556
0.5553200497861451 0.8250806484749152
0.9295903194021342 0.8809087355678147
0.8414575196496513 0.5370613277200798
0.18871070411798907 0.26963758781850344
0.5711945830040193 0.10794289231737664
0.6236519821821169 0.375728284554972
0.23980635702620612 0.9321090299017355
0.4624218567642745 0.10618630730536971
0.15695932031518922 0.09665214783445208
0.44435327662611657 0.05573010901341158
0.7859109023107523 0.38647841137247607
0.23868562677964522 0.4702766033518352
0.32466034983236003 0.4777765751436819
0.8289580422938152 0.9775177333531584
0.07436422301440326 0.12254822791565334
0.38270286743628745 0.1382823800402202
0.3799292429511333 0.13725431215867312
0.3504565397211289 0.6305963226937618
0.607872801366831 0.4019146350146463
0.37538161102594014 0.8496175201913528
0.6532664329950167 0.9499345397990663
0.9261318893101741 0.2101838485472154
0.16404338213495584 0.43720020565852147
0.378814988418408 0.8828118586118876
0.5230103950180858 0.04677080552895896
0.8410787004072233 0.8123593542770763
0.45970533501500765 0.11866029392495181
0.23693822205276382 0.9848949304865448
0.8519463096987484 0.6076780667411291
0.4273096229113642 0.30604060747840534
0.5617056384457864 0.4987355508939437
0.35077047680970697 0.11920041790735625
0.6766180856757008 0.7872850535335278
0.02473218612477035 0.4899769667273164
0.6142699881337561 0.05000827194993984
0.8849508284349552 0.8333808932598076
0.7118576609274198 0.5085942684928898
0.9030749332801887 0.007207635650235633
0.0472035346447891 0.10948522173098418