29629 17965
11001 7173
13712 29043
22515 29946
15284 2014
15964 2472
6368 3134
4672 11119
8309 6160
10656 24507
22517 28351
2466 29804
27297 28257
8668 3109
2135 31042
3504 27498
22453 6105
17669 5574
9956 6848
15005 13307
19785 28807
32636 19160
15285 13118
8182 31734
1965 9670
4110 24592
20871 28946
8704 1199
15436 28064
10976 13560
18756 9612
9820 30623
18543 32725
23516 4631
12817 11635
15437 27427
9409 32002
26879 21842
28278 10747
4410 7077
30261 4207
5411 8475
3868 26245
8669 32220
13492 14579
17337 17102
27530 26582
14501 28296
33 17805
7667 9443
8592 16671
27087 25637
23594 12813
31204 16731
17319 27504
23974 10031
11127 12393
25614 10477
7935 31759
22912 13665
25245 19246
19426 21364
8579 13865
6118 5237
2923 11677
29623 3626
2185 5226
8306 30953
20740 15836
25774 31761
8320 1784
28638 17736
27988 21972
18184 15671
32316 16972
24772 1641
28749 1839
8048 28963
14927 7029
26000 12610
31098 30448
4537 26904
22261 3629
17443 1711
7269 32059
27016 32397
6418 10596
9134 8640
18508 21938
18809 8816
15552 16029
23862 21770
11183 19707
297 22942
3576 20665
8018 7036
11302 30692
10942 31539
3515 24216
5524 296