0.04765117167757382 0.26349843099357095
0.5419499265603586 0.7786315051937209
0.7603450208914161 0.18167764449004487
0.224484569127262 0.8428712778908722
0.4240581479900273 0.39854263611493057
0.9454821312483875 0.4252892409712823
0.8269917350437848 0.6034629183121201
0.04627935201293987 0.19944224224388507
0.5835014847820398 0.4014352457365066
0.415627484528002 0.29038970826137644
0.9456818438884472 0.5836373027758646
0.30313309794843213 0.5121533203568643
0.782170265774011 0.7957312252091125
0.7404292832075898 0.18365527117863778
0.909584048247651 0.7021274402791542
0.9492633102144374 0.7932976933069035
0.9607820922062684 0.6634988707771831
0.7127655332113707 0.5300219110937905
0.4032830236646453 0.8176231387222199
0.4962351690302832 0.8442313695851464
0.6747336783543797 0.9322621736552363
0.768887919888004 0.9059027555231473
0.6990494818120301 0.3422108095019081
0.2630198084781842 0.20032594930801506
0.954591655320477 0.2550039285865304
0.9493419035004823 0.4570488156316398
0.7533095810799703 0.22663114858903055
0.19575676826728194 0.33745195201562694
0.021806471076985523 0.34385221026089896
0.1583433642376174 0.4204461955790193
0.3339482713569042 0.2777272005486694
0.34167491002791806 0.16832818681293038
0.18414844058101454 0.6871218471771332
0.27066268042971076 0.4943584023341876
0.6325852762049348 0.5160023726447925
0.6101938346915671 0.7995136184314104
0.9865345983667257 0.9931359195502873
0.33694323513061597 0.3451001716435558
0.12023403694027868 0.9928710635169551
0.4176100020494833 0.10328027317205135
0.4988210441515245 0.9213558339997384
0.13406815836377628 0.5870667987618609
0.6793690126942017 0.8430550190842356
0.8513923408150329 0.7960386896728959
0.5827099450636225 0.5555543032254532
0.997627925798625 0.1561830128027092
0.6656212544306332 0.1353896315898142
0.005442838685597584 0.7715752681009972
0.7760556103464817 0.6568327565714318
0.7311775880371791 0.623510911328301
0.4054683155304756 0.4705215590113552
0.29139184551636343 0.6577354562152093
0.34281086510457937 0.1707824094011542
0.8526713850354719 0.3791373311731182
0.5567016489720542 0.10785515738528917
0.20738431036954563 0.7613842053460912
0.3476344062031166 0.6019298029436868
0.21607187212919465 0.759609505109413
0.08468225834795107 0.5987391075936132
0.9761875674985587 0.8632595180586603
0.5599825614867924 0.7567548493550871
0.4300738922349905 0.24581602480879716
0.8319576855133635 0.9786568231057677
0.6336496254630889 0.7301565677882508
0.6998945621962446 0.6695930193283778
0.46622416579375947 0.06417558454344452
0.9529467751197254 0.013451283792494162
0.6195773742044286 0.6544877583103595
0.6717463629315172 0.15357157284438527
0.2352213794674085 0.3781539801666042
0.637194737867147 0.18183360010779948
0.5022844076574409 0.41728111255938816
0.02147613044842811 0.6524687832527131
0.07042084339575827 0.1265338239985212
0.06362162084271517 0.4522701097101508
0.6090796117671557 0.9788680780491343
0.5606642036629175 0.1976013698933783
0.9314318245045586 0.5426660659805589
0.5956456429021526 0.28429481234377774
0.1643183173602184 0.6963120076471253
0.6220957796681162 0.580849382873879
0.42716446988788837 0.0908172148278531
0.31429112184718544 0.13820428539092322
0.14286312910348908 0.9456781608647064
0.3061918270904287 0.5325113900971074
0.12644747540104906 0.11297089708991381
0.5990584144755553 0.5957886580169774
0.586558424466564 0.15847160993940368
0.22209467918755477 0.019001030683973297
0.3562475417320494 0.24364431431389977
0.8982220845870501 0.827098578687434
0.6516722569707536 0.7899686179075722
0.8314638535790887 0.35873392991104447
0.8873573147573602 0.30005544494729797
0.9166938959602601 0.05682972429351918
0.9191647613941951 0.39894136695136984
0.8226045069895223 0.9956373944977093
0.5235650194793213 0.5711700751805935
0.6788675186762344 0.34995429117332677
0.8231704836065505 0.9035225241539785
0.562932375616321 0.2856229007174613
0.37424192122668465 0.8713079188033893
0.851261920046738 0.8768298770182694
0.3987759423317714 0.5850938345819269
0.5662512999270098 0.20206252248012613
0.019110854068927652 0.300703872129212
0.5826147747555962 0.8110390527172745
0.10962258190566776 0.1058734241689302
0.1704121707126418 0.49258370365090753
0.11990593518752157 0.5971585184546775
0.17393906475452536 0.22195479723604716
0.8079084789852462 0.12826351434322414
0.761304469722973 0.35162540468255565
0.5422806421996911 0.29194045822523074
0.6204412473164057 0.43350995498029055
0.6340597364761806 0.8303551564573834
0.8227541377551104 0.9282911910684674
0.5005124701547432 0.49397042394621715
0.30426482946026245 0.11604454526898633
0.2567653627686214 0.33969105336152694
0.2142779237829998 0.9640046423637301
0.20965950971414649 0.04776947481000682
0.7650509352460017 0.506089460628996
0.43819515563157263 0.9372156463978302
0.7991076347828464 0.32531332158589044
0.8267022551484482 0.7836802749587222
0.18510203493751543 0.4724857173637266
0.9272764819134196 0.6989385504010194
0.7446152181920914 0.8818625479803321
0.6830786810973258 0.42448436435966463
0.14157404275797125 0.9601626040942476
0.641741208694873 0.9985214819476709
0.7645125409464043 0.5090920668015161
0.12557668987104142 0.6661269672467649
0.3818772873712538 0.9276210018401635
0.7726511575447117 0.002803633339293121
0.26870641001334683 0.45680154410042606
0.11960329053377683 0.28094289078403567
0.6192147949193345 0.1657102659617209
0.7362981020741443 0.16166847533371864
0.5937264338979316 0.3286571888269011
0.07300840200987846 0.5247559995709298
0.6492258280733142 0.3069913088273104
0.5620927382192871 0.17205010278217614
0.17426197123443044 0.3389278729441828
0.6836365773647706 0.5986156320228023
0.5129416592037833 0.13866736757787623
0.6519765431389078 0.1109423890509661
0.8881737308935247 0.2333651945933326
0.6311153404861043 0.8657554976871054
0.21467884451963026 0.5061195673585888
0.8545668067162456 0.646705794059194
0.013990477351926933 0.14978389586149565
0.9926104326769459 0.45082560212033096
0.7732920253948146 0.9120966892559373
0.3979695238992983 0.9878551133050323
0.4162607211148861 0.6792230112935329
0.6835737603751982 0.35748255876254453
0.5263960510704925 0.9187834092057712
0.3621283687790777 0.010374878140705479
0.1381548180919584 0.9723116275340632
0.6093490568065817 0.9944608125009984
0.7304663697251733 0.5642567320222117
0.906437212298937 0.9538171364109135
0.42734272474370705 0.8171675737125484
0.5656719196283289 0.5370973991051461
0.3277835876407591 0.427337611313678
0.329439580960069 0.4234087809689152
0.37156475152294655 0.28939497230030664
0.31045108823110357 0.4066825853975302
0.03560316589635504 0.8943193211797262
0.4071495217798815 0.46802059877440527
0.38586834753548616 0.2535229407684433
0.3048695762403194 0.05474795411853406
0.26209714943942797 0.9101961306856028
0.7153433261047283 0.8782538660334905
0.36874252793522133 0.5831579813456734
0.9728383453703853 0.09431372203362454
0.6094815915781419 0.2909736039177001
0.1842477069754831 0.7881690187292371
0.7650512590000847 0.06497147390275604
0.021661470643419722 0.4731469379852279
0.2197687135127483 0.22282162557269725
0.6287899885907375 0.1809666847496536
0.2667452827780602 0.1438926479148056
0.2630977832026713 0.7985413779989231
0.7623480027036366 0.5950267772528746
0.49306118080162553 0.16974971173211184
0.8639337416074692 0.5431266084285364
0.5953259882831086 0.2981111269163871
0.7932568725286832 0.7237135473198647
0.9959390969274174 0.7399482012883971
0.26133654679749063 0.936825122806661
0.5716974611217204 0.9411491158744121
0.1378504849680191 0.6749459014194216
0.07546671319948361 0.42000846194081143
0.9324225543363536 0.7518824851428576
0.9161386733604193 0.8288239829902588
0.06774152312050685 0.9816051677543923
0.08907149527712976 0.18853938648314372